18320
11209
9613
7555
6249
5512
4873
4500
4084
3649
3401
3346
3175
2914
2854
2666
2530
2509
2305
2291
2207
2070
2005
1880
1859
1812
1782
1753
1711
1663
1640
1617
1608
1607
1547
1467
1438
1429
1416
1354
1292
1276
1269
1262
1256
1239
1228
1194
1173
1169
1144
1119
1113
1078
1074
1060
1057
1056
1030
987
984
979
972
967
963
956
945
941
939
911
899
884
879
875
872
863
849
842
835
832
827
822
814
809
808
799
793
787
786
773
764
754
739
737
732
727
723
721
720
715
713
712
708
699
689
685
673
658
657
656
655
654
651
650
646
645
642
637
635
628
621
618
617
614
613
606
602
601
599
593
592
589
576
574
572
571
570
569
564
560
550
549
543
539
537
535
529
526
524
519
515
509
508
507
505
504
496
495
491
490
489
485
483
479
478
476
473
467
465
464
462
461
458
457
454
453
452
450
449
446
444
441
439
438
437
431
430
429
428
425
424
423
421
420
419
417
416
414
410
409
402
400
399
397
395
394
391
390
389
387
384
381
380
379
378
377
376
374
373
370
368
365
364
363
362
361
360
359
357
355
354
352
349
348
347
346
345
343
341
340
339
338
337
336
335
334
333
332
331
330
329
328
327
326
325
324
323
320
319
318
317
314
313
312
311
310
309
308
307
306
305
302
301
299
298
297
296
295
293
291
290
288
287
286
285
283
282
281
280
279
277
276
275
274
273
272
271
270
269
268
267
266
265
264
263
262
261
260
258
257
256
255
254
253
252
251
250
249
248
247
246
245
243
242
241
240
239
238
237
236
235
234
233
232
230
229
228
227
226
225
224
223
222
221
220
219
218
217
216
215
214
213
212
211
210
209
208
207
206
205
204
203
202
201
200
199
198
197
196
195
194
193
192
191
190
189
188
187
186
185
184
183
182
181
180
179
178
177
176
175
174
173
172
171
170
169
168
167
166
165
164
163
162
161
160
159
158
157
156
155
154
153
152
151
150
149
148
147
146
145
144
143
142
141
140
139
138
137
136
135
134
133
132
131
130
129
128
127
126
125
124
123
122
121
120
119
118
117
116
115
114
113
112
111
110
109
108
107
106
105
104
103
102
101
100
99
98
97
96
95
94
93
92
91
90
89
88
87
86
85
84
83
82
81
80
79
78
77
76
75
74
73
72
71
70
69
68
67
66
65
64
63
62
61
60
59
58
57
56
55
54
53
52
51
50
49
48
47
46
45
44
43
42
41
40
39
38
37
36
35
34
33
32
31
30
29
28
27
26
25
24
23
22
21
20
19
18
17
16
15
14
13
12
11
10
9
8
7
6
5
4
3
2
1
