121792
69921
59194
44654
36963
31210
27405
24563
22008
20157
18574
16988
16125
15342
14405
13589
13063
12394
12026
11367
10913
10333
10177
9687
9455
9128
8809
8626
8437
7962
7959
7792
7492
7306
7210
6869
6864
6723
6503
6446
6344
6139
5960
5864
5776
5748
5659
5507
5398
5396
5307
5175
5147
5042
4950
4933
4874
4857
4675
4631
4534
4476
4461
4310
4303
4279
4250
4239
4119
4091
3991
3987
3970
3908
3872
3843
3823
3796
3699
3666
3653
3598
3586
3574
3565
3484
3475
3400
3289
3282
3246
3226
3223
3220
3172
3169
3118
3058
3042
3020
3017
2977
2954
2912
2906
2898
2894
2863
2860
2859
2836
2814
2811
2800
2766
2734
2721
2708
2702
2688
2662
2635
2631
2601
2588
2585
2579
2524
2482
2477
2475
2436
2410
2400
2391
2388
2384
2366
2358
2346
2336
2324
2322
2316
2315
2289
2286
2247
2246
2237
2218
2207
2206
2203
2172
2158
2149
2128
2119
2080
2071
2056
2044
2037
2034
2030
2022
2020
2014
2006
2005
1990
1987
1982
1974
1957
1945
1940
1906
1904
1901
1898
1895
1880
1875
1864
1848
1846
1830
1827
1818
1811
1803
1798
1776
1775
1750
1745
1729
1724
1723
1707
1698
1692
1689
1677
1674
1672
1671
1663
1660
1657
1648
1646
1645
1642
1641
1637
1632
1622
1618
1617
1609
1601
1590
1579
1567
1565
1564
1558
1555
1548
1545
1540
1538
1526
1521
1493
1492
1490
1478
1476
1474
1473
1462
1460
1457
1452
1450
1448
1440
1439
1438
1434
1427
1419
1416
1404
1395
1382
1370
1356
1350
1348
1346
1343
1332
1330
1324
1315
1314
1304
1303
1302
1299
1294
1293
1291
1284
1282
1281
1278
1275
1265
1263
1260
1255
1250
1244
1242
1234
1230
1229
1224
1223
1213
1212
1211
1194
1189
1177
1176
1173
1172
1169
1164
1157
1156
1153
1152
1151
1150
1144
1142
1140
1136
1130
1129
1123
1121
1116
1110
1109
1108
1105
1100
1099
1097
1093
1091
1090
1089
1086
1083
1079
1076
1073
1067
1066
1065
1063
1061
1060
1058
1052
1050
1049
1046
1045
1039
1038
1036
1029
1024
1023
1016
1012
1010
1008
1007
1006
998
997
995
991
990
989
987
986
985
984
979
972
970
968
967
966
964
963
961
959
956
955
953
952
950
945
938
937
935
933
931
930
929
927
925
924
923
917
914
906
905
903
901
900
899
898
896
895
894
892
888
887
886
884
882
880
877
875
874
873
871
869
868
866
865
864
861
857
856
852
850
847
846
844
843
838
834
832
831
829
826
823
821
818
816
814
812
810
808
807
806
805
801
797
795
792
791
788
787
786
785
784
783
782
781
779
778
775
773
772
770
768
766
765
761
759
758
757
755
754
753
752
751
750
749
747
745
744
743
742
740
739
736
735
734
733
731
730
729
728
727
726
724
723
722
721
720
716
715
714
713
710
709
708
707
706
705
704
703
699
698
697
695
694
692
691
688
687
685
684
683
682
681
680
678
677
675
673
672
671
670
669
668
663
662
661
659
656
655
654
652
650
649
646
645
644
643
642
640
639
638
637
636
635
634
633
632
631
629
628
627
626
625
624
623
622
620
619
617
616
615
611
610
609
608
607
606
605
603
602
601
600
599
597
596
595
593
591
590
589
588
587
586
585
584
582
581
580
579
578
577
576
575
574
573
572
571
569
568
567
566
565
564
563
562
561
560
559
558
556
555
554
551
548
547
545
544
543
542
541
539
538
537
536
535
534
533
532
531
530
529
528
527
526
525
524
523
520
519
517
516
515
514
513
512
511
510
509
508
507
506
505
504
503
502
501
499
498
496
495
494
493
492
491
490
489
486
485
484
483
482
481
480
478
477
476
475
474
473
472
471
470
469
468
467
464
463
462
461
460
459
458
457
456
455
454
453
452
451
450
448
447
446
445
444
443
442
441
440
439
438
437
436
435
434
433
432
431
430
429
428
427
426
425
424
423
421
420
419
418
417
416
415
414
413
412
411
410
409
408
407
406
405
404
403
402
401
400
399
398
397
396
395
394
393
391
389
388
387
386
385
384
383
382
381
380
379
378
377
376
375
374
373
372
371
370
369
368
367
366
365
364
363
362
361
360
359
358
357
356
355
354
353
352
351
350
349
348
347
346
345
344
343
342
341
340
339
338
337
336
335
334
333
332
331
330
329
328
327
326
325
324
323
322
321
320
319
318
317
316
315
314
313
312
311
310
309
308
307
306
305
304
303
302
301
300
299
298
297
296
295
294
293
292
291
290
289
288
287
286
285
284
283
282
281
280
279
278
277
276
275
274
273
272
271
270
269
268
267
266
265
264
263
262
261
260
259
258
257
256
255
254
253
252
251
250
249
248
247
246
245
244
243
242
241
240
239
238
237
236
235
234
233
232
231
230
229
228
227
226
225
224
223
222
221
220
219
218
217
216
215
214
213
212
211
210
209
208
207
206
205
204
203
202
201
200
199
198
197
196
195
194
193
192
191
190
189
188
187
186
185
184
183
182
181
180
179
178
177
176
175
174
173
172
171
170
169
168
167
166
165
164
163
162
161
160
159
158
157
156
155
154
153
152
151
150
149
148
147
146
145
144
143
142
141
140
139
138
137
136
135
134
133
132
131
130
129
128
127
126
125
124
123
122
121
120
119
118
117
116
115
114
113
112
111
110
109
108
107
106
105
104
103
102
101
100
99
98
97
96
95
94
93
92
91
90
89
88
87
86
85
84
83
82
81
80
79
78
77
76
75
74
73
72
71
70
69
68
67
66
65
64
63
62
61
60
59
58
57
56
55
54
53
52
51
50
49
48
47
46
45
44
43
42
41
40
39
38
37
36
35
34
33
32
31
30
29
28
27
26
25
24
23
22
21
20
19
18
17
16
15
14
13
12
11
10
9
8
7
6
5
4
3
2
1
