666372
356779
294651
216887
172100
143223
123659
108468
97186
87972
80236
73874
68489
63987
59839
56769
53680
50957
48407
45559
44417
41777
40181
38640
37325
36272
34821
33871
32772
31258
30427
29931
29092
28232
27614
26598
26071
25619
24778
24387
23426
23425
22968
22257
21801
21760
21039
20784
20366
19761
19502
19126
18671
18581
18162
17868
17664
17658
17148
16938
16601
16545
15961
15875
15607
15514
15497
14967
14942
14787
14437
14247
14151
14012
13799
13557
13417
13387
13092
13068
12737
12656
12463
12376
12339
12098
12030
11890
11747
11723
11593
11547
11297
11221
11149
10932
10930
10863
10702
10536
10508
10451
10318
10244
10198
9997
9901
9866
9695
9665
9550
9479
9478
9341
9311
9267
9168
9145
9049
9008
8966
8866
8778
8751
8716
8658
8499
8492
8456
8384
8285
8257
8204
8174
8091
8090
8000
7919
7772
7765
7753
7678
7642
7573
7569
7498
7465
7429
7387
7262
7211
7206
7196
7171
7170
7098
6972
6942
6895
6888
6867
6851
6845
6803
6742
6698
6674
6670
6660
6579
6439
6437
6421
6415
6391
6379
6369
6268
6258
6242
6239
6232
6119
6094
6090
6077
6059
6038
5908
5836
5828
5825
5780
5778
5759
5745
5732
5708
5662
5644
5625
5557
5512
5509
5498
5476
5444
5436
5383
5351
5345
5342
5338
5253
5247
5236
5224
5194
5183
5180
5160
5147
5134
5119
5053
5043
5041
4976
4970
4958
4932
4923
4918
4916
4861
4849
4840
4838
4812
4773
4757
4753
4718
4703
4694
4685
4658
4650
4649
4633
4624
4578
4557
4550
4492
4477
4471
4464
4459
4451
4440
4436
4413
4383
4369
4356
4348
4344
4296
4282
4256
4242
4231
4218
4217
4184
4176
4163
4123
4118
4107
4092
4086
4079
4075
4070
4052
4039
4034
4015
4001
3996
3992
3979
3971
3953
3945
3906
3898
3872
3863
3856
3847
3843
3830
3829
3825
3804
3802
3800
3780
3776
3747
3727
3700
3697
3695
3678
3673
3665
3651
3634
3624
3613
3597
3563
3562
3557
3551
3542
3530
3525
3516
3505
3500
3496
3484
3478
3472
3468
3424
3423
3416
3412
3406
3396
3376
3366
3359
3355
3340
3317
3314
3308
3300
3299
3298
3295
3286
3282
3281
3279
3269
3247
3235
3228
3222
3212
3200
3193
3189
3170
3165
3161
3159
3149
3144
3139
3118
3107
3106
3097
3080
3079
3078
3073
3072
3070
3055
3050
3039
3018
3016
3012
2989
2982
2977
2975
2971
2961
2950
2945
2934
2927
2909
2898
2896
2890
2889
2873
2872
2871
2870
2868
2862
2861
2856
2854
2848
2840
2816
2803
2796
2790
2781
2780
2776
2775
2769
2768
2766
2764
2763
2747
2742
2741
2740
2721
2718
2716
2715
2712
2694
2692
2689
2688
2681
2672
2670
2649
2642
2636
2621
2616
2610
2607
2602
2591
2590
2585
2581
2580
2579
2570
2560
2557
2545
2544
2534
2523
2522
2520
2516
2514
2504
2502
2498
2494
2487
2483
2482
2481
2474
2472
2471
2468
2460
2450
2449
2446
2442
2439
2436
2433
2428
2422
2421
2418
2414
2402
2401
2398
2395
2378
2373
2367
2365
2362
2361
2358
2352
2349
2340
2332
2326
2323
2315
2310
2308
2297
2294
2293
2290
2287
2286
2285
2283
2275
2272
2269
2263
2259
2254
2248
2247
2235
2233
2232
2230
2227
2224
2223
2220
2219
2217
2213
2211
2203
2202
2184
2182
2177
2175
2169
2168
2167
2165
2164
2161
2139
2137
2127
2125
2124
2122
2118
2116
2114
2113
2112
2107
2106
2105
2101
2099
2096
2092
2091
2082
2081
2079
2078
2075
2074
2073
2071
2068
2066
2061
2057
2056
2052
2044
2031
2030
2026
2015
2012
2011
2000
1999
1995
1994
1993
1991
1989
1988
1985
1984
1979
1977
1975
1967
1961
1957
1955
1953
1943
1942
1939
1938
1937
1936
1930
1929
1928
1925
1923
1922
1918
1917
1914
1912
1911
1910
1908
1905
1899
1895
1891
1889
1885
1881
1880
1875
1870
1864
1861
1859
1856
1839
1834
1827
1823
1822
1821
1820
1819
1817
1815
1814
1809
1807
1805
1803
1794
1793
1791
1790
1786
1784
1783
1780
1776
1774
1773
1772
1770
1762
1760
1758
1757
1756
1754
1753
1751
1748
1747
1746
1745
1741
1738
1736
1735
1734
1730
1729
1728
1727
1726
1725
1721
1720
1711
1709
1708
1706
1704
1693
1690
1689
1686
1683
1682
1680
1679
1676
1673
1672
1671
1670
1660
1659
1658
1657
1655
1652
1649
1647
1642
1641
1638
1636
1635
1632
1626
1624
1620
1619
1617
1611
1609
1606
1605
1604
1603
1602
1600
1599
1598
1591
1588
1586
1584
1583
1580
1570
1568
1563
1562
1561
1560
1559
1551
1549
1548
1546
1544
1543
1541
1540
1539
1537
1535
1533
1532
1531
1530
1528
1527
1523
1520
1518
1516
1515
1514
1513
1512
1511
1509
1506
1505
1504
1502
1500
1499
1498
1495
1491
1488
1487
1484
1482
1481
1480
1475
1474
1471
1469
1468
1466
1462
1460
1457
1455
1454
1452
1451
1450
1449
1448
1446
1438
1435
1433
1431
1429
1424
1421
1420
1418
1413
1412
1411
1410
1408
1406
1405
1404
1403
1401
1400
1399
1398
1397
1387
1386
1385
1383
1382
1381
1380
1377
1376
1374
1373
1370
1369
1368
1366
1362
1361
1359
1357
1356
1354
1353
1352
1346
1342
1339
1337
1335
1333
1331
1329
1327
1326
1323
1321
1320
1319
1318
1317
1316
1313
1312
1309
1308
1307
1306
1304
1303
1302
1301
1298
1297
1295
1293
1292
1291
1289
1288
1286
1284
1282
1279
1278
1275
1274
1273
1272
1271
1269
1267
1266
1265
1264
1263
1262
1261
1260
1259
1257
1255
1253
1251
1250
1249
1247
1246
1244
1242
1241
1240
1239
1238
1237
1236
1235
1233
1230
1229
1226
1222
1221
1217
1216
1215
1214
1212
1211
1210
1209
1207
1206
1204
1203
1201
1200
1198
1197
1196
1195
1193
1191
1190
1189
1187
1186
1185
1184
1183
1182
1181
1177
1176
1175
1174
1173
1172
1171
1170
1169
1167
1165
1164
1163
1162
1161
1159
1158
1157
1155
1154
1153
1152
1150
1149
1147
1145
1144
1143
1142
1141
1139
1138
1137
1136
1135
1133
1132
1131
1130
1127
1126
1125
1123
1120
1119
1118
1116
1114
1113
1112
1111
1110
1109
1107
1106
1105
1104
1103
1102
1101
1100
1099
1097
1096
1091
1088
1087
1086
1085
1084
1083
1082
1081
1080
1079
1078
1077
1076
1074
1073
1072
1071
1070
1069
1064
1063
1062
1061
1059
1057
1056
1055
1054
1053
1052
1051
1050
1049
1048
1047
1046
1045
1044
1043
1042
1040
1039
1036
1035
1034
1033
1032
1031
1030
1029
1027
1025
1023
1022
1021
1020
1019
1018
1017
1015
1014
1011
1010
1009
1007
1006
1005
1004
1003
1002
1001
1000
999
998
997
996
995
993
992
990
989
988
987
986
985
984
983
982
981
980
979
978
977
975
973
972
971
970
969
967
966
965
964
963
962
961
960
959
958
955
954
953
952
951
950
949
948
946
945
944
943
942
940
939
938
935
933
931
930
929
928
927
926
924
923
922
921
920
919
916
914
913
912
911
909
908
907
906
905
904
903
902
901
900
899
898
896
895
893
892
891
890
889
888
887
885
884
883
882
881
880
879
877
876
874
873
872
871
869
868
867
866
865
864
863
862
861
860
859
858
857
855
854
853
852
851
850
849
848
847
846
845
844
842
841
840
839
838
837
836
835
834
833
832
831
830
829
828
827
826
825
824
822
821
820
819
818
817
816
815
814
813
812
811
810
809
808
807
806
805
804
803
802
801
800
799
798
797
796
795
794
793
792
791
790
789
788
787
786
785
784
782
781
780
779
778
777
775
774
773
772
771
770
769
768
767
766
765
764
763
762
761
760
759
758
757
756
755
754
753
752
751
750
749
748
747
746
745
744
743
742
741
740
739
738
737
736
735
734
733
732
731
730
729
728
727
726
725
724
723
722
721
720
719
718
717
716
715
714
713
712
711
710
709
708
707
706
705
704
703
702
701
700
699
698
697
696
695
694
693
692
691
690
689
688
687
686
684
683
682
681
680
679
678
677
676
675
674
673
672
671
670
669
668
667
665
664
663
662
661
660
659
658
657
656
655
654
653
652
651
650
649
648
647
646
645
644
643
642
641
640
639
638
637
636
635
634
632
631
630
629
627
626
625
624
623
622
621
620
619
618
617
616
615
614
613
612
611
610
609
608
607
606
605
604
603
602
601
600
599
598
597
596
595
594
593
592
591
590
589
588
587
586
585
584
583
582
581
580
579
578
577
576
575
574
573
572
571
570
569
568
567
566
565
564
563
562
561
560
559
558
557
556
555
554
553
552
551
550
549
548
547
546
545
544
543
542
541
540
539
538
537
536
535
534
533
532
531
530
529
528
527
526
525
524
523
522
521
520
519
518
517
516
515
514
513
512
511
510
509
508
507
506
505
504
503
502
501
500
499
498
497
496
495
494
493
492
491
490
489
488
487
486
485
484
483
482
481
480
479
478
477
476
475
474
473
472
471
470
469
468
467
466
465
464
463
462
461
460
459
458
457
456
455
454
453
452
451
450
449
448
447
446
445
444
443
442
441
440
439
438
437
436
435
434
433
432
431
430
429
428
427
426
425
424
423
422
421
420
419
418
417
416
415
414
413
412
411
410
409
408
407
406
405
404
403
402
401
400
399
398
397
396
395
394
393
392
391
390
389
388
387
386
385
384
383
382
381
380
379
378
377
376
375
374
373
372
371
370
369
368
367
366
365
364
363
362
361
360
359
358
357
356
355
354
353
352
351
350
349
348
347
346
345
344
343
342
341
340
339
338
337
336
335
334
333
332
331
330
329
328
327
326
325
324
323
322
321
320
319
318
317
316
315
314
313
312
311
310
309
308
307
306
305
304
303
302
301
300
299
298
297
296
295
294
293
292
291
290
289
288
287
286
285
284
283
282
281
280
279
278
277
276
275
274
273
272
271
270
269
268
267
266
265
264
263
262
261
260
259
258
257
256
255
254
253
252
251
250
249
248
247
246
245
244
243
242
241
240
239
238
237
236
235
234
233
232
231
230
229
228
227
226
225
224
223
222
221
220
219
218
217
216
215
214
213
212
211
210
209
208
207
206
205
204
203
202
201
200
199
198
197
196
195
194
193
192
191
190
189
188
187
186
185
184
183
182
181
180
179
178
177
176
175
174
173
172
171
170
169
168
167
166
165
164
163
162
161
160
159
158
157
156
155
154
153
152
151
150
149
148
147
146
145
144
143
142
141
140
139
138
137
136
135
134
133
132
131
130
129
128
127
126
125
124
123
122
121
120
119
118
117
116
115
114
113
112
111
110
109
108
107
106
105
104
103
102
101
100
99
98
97
96
95
94
93
92
91
90
89
88
87
86
85
84
83
82
81
80
79
78
77
76
75
74
73
72
71
70
69
68
67
66
65
64
63
62
61
60
59
58
57
56
55
54
53
52
51
50
49
48
47
46
45
44
43
42
41
40
39
38
37
36
35
34
33
32
31
30
29
28
27
26
25
24
23
22
21
20
19
18
17
16
15
14
13
12
11
10
9
8
7
6
5
4
3
2
1
